$ANSIBLE_VAULT;1.1;AES256
34363766306139316336626430343434343739353936306165303662376330353963656663343066
3533393236643438623663616435396463313362333662390a323564666533323763643165396639
34373264383062613539323264313735323039303834623233656435356465633936383866666164
6235383631333365380a333232306539313636636233613331626431643536636634656266623163
35383766656561656332313933376336653937323630356634653931393066343531343263353731
65366633643632323337646563333839336232323464653865633836383830343736376631336133
62306335346430656461663863326339313963373064336233353764633135663636663064363838
31623733613338316633316538376331613966376631333463373765353538653265616639353138
62366365353761643866633464353133326233633638353430623966353764393638643966613038
64363164396635383139343231383663383861336165613935616139313861623839653934396166
63653532326662383030623534353737646132653632323365346534363932613032366230326335
31386532333361623133
